15
50 
368 
1 26 1
1 37 1
1 11 1
1 12 1
1 15 1
1 38 1
1 36 1
1 19 1
1 42 1
1 27 1
1 23 1
1 50 1
2 17 1
2 44 1
2 32 1
2 38 1
2 41 1
2 31 1
2 4 1
2 26 1
2 18 1
2 40 1
2 28 1
3 17 1
3 31 1
3 14 1
3 26 1
3 32 1
3 47 1
3 37 1
3 25 1
3 22 1
4 21 1
4 25 1
4 41 1
4 13 1
4 23 1
4 44 1
4 15 1
4 14 1
4 9 1
4 48 1
4 36 1
4 42 1
4 28 1
5 24 1
5 14 1
5 46 1
5 35 1
5 10 1
5 36 1
5 39 1
5 34 1
5 7 1
5 32 1
5 26 1
5 16 1
5 42 1
5 48 1
5 31 1
6 9 1
6 26 1
6 36 1
6 30 1
6 41 1
6 49 1
6 38 1
6 19 1
6 10 1
6 31 1
6 34 1
6 15 1
6 47 1
6 25 1
6 37 1
7 26 1
7 30 1
7 41 1
7 44 1
7 22 1
7 20 1
7 27 1
7 46 1
7 48 1
7 11 1
7 23 1
7 9 1
7 47 1
7 13 1
8 19 1
8 24 1
8 9 1
8 39 1
8 32 1
8 15 1
8 46 1
8 12 1
8 31 1
8 22 1
9 20 1
9 49 1
9 42 1
9 22 1
9 18 1
9 28 1
9 30 1
9 10 1
9 41 1
9 13 1
9 25 1
10 50 1
10 42 1
10 40 1
10 43 1
10 15 1
10 29 1
10 20 1
10 49 1
10 38 1
10 24 1
10 23 1
10 45 1
10 22 1
11 50 1
11 41 1
11 46 1
11 48 1
11 35 1
11 30 1
11 27 1
11 28 1
11 16 1
11 31 1
11 38 1
11 40 1
11 26 1
12 17 1
12 37 1
12 14 1
12 21 1
12 39 1
12 43 1
12 19 1
12 44 1
12 46 1
12 45 1
12 18 1
12 27 1
13 46 1
13 20 1
13 44 1
13 50 1
13 16 1
13 42 1
13 48 1
13 23 1
13 15 1
13 17 1
13 41 1
13 25 1
14 20 1
14 48 1
14 23 1
14 47 1
14 46 1
14 31 1
14 32 1
14 17 1
14 45 1
15 49 1
15 45 1
15 25 1
15 39 1
15 28 1
15 30 1
16 17 1
16 18 1
16 29 1
16 22 1
16 21 1
16 19 1
16 36 1
16 43 1
16 39 1
16 30 1
16 42 1
16 35 1
17 45 1
17 27 1
17 29 1
17 48 1
17 33 1
17 26 1
18 36 1
18 26 1
18 44 1
18 27 1
18 42 1
18 31 1
18 32 1
19 33 1
19 39 1
19 27 1
19 20 1
19 30 1
19 42 1
19 23 1
19 46 1
19 29 1
19 21 1
20 25 1
20 50 1
20 33 1
20 42 1
20 46 1
20 32 1
20 40 1
20 31 1
20 22 1
20 41 1
20 45 1
20 44 1
21 32 1
21 34 1
21 26 1
21 38 1
21 35 1
21 50 1
21 42 1
22 30 1
22 25 1
22 49 1
22 44 1
22 48 1
22 50 1
23 46 1
23 33 1
23 27 1
23 50 1
23 36 1
23 48 1
23 40 1
23 34 1
23 26 1
24 45 1
24 27 1
24 39 1
24 25 1
24 29 1
24 37 1
24 31 1
24 28 1
24 35 1
24 26 1
24 34 1
25 46 1
25 37 1
25 50 1
25 39 1
25 38 1
25 30 1
25 47 1
26 30 1
26 28 1
26 27 1
26 33 1
27 41 1
27 49 1
27 28 1
27 34 1
27 38 1
27 50 1
27 31 1
27 42 1
28 48 1
28 49 1
28 31 1
28 42 1
28 29 1
29 37 1
29 47 1
29 30 1
29 32 1
30 47 1
30 36 1
30 35 1
30 48 1
30 37 1
30 39 1
30 45 1
30 31 1
30 38 1
30 32 1
31 37 1
31 35 1
31 48 1
31 45 1
31 36 1
31 39 1
31 38 1
31 50 1
31 32 1
32 38 1
32 44 1
32 41 1
32 37 1
32 43 1
33 49 1
33 45 1
33 43 1
33 39 1
33 38 1
33 47 1
33 35 1
34 44 1
34 50 1
34 36 1
35 45 1
35 37 1
35 41 1
35 46 1
35 43 1
35 42 1
36 42 1
36 50 1
36 38 1
36 49 1
36 40 1
37 41 1
37 47 1
37 42 1
37 39 1
37 46 1
37 48 1
38 39 1
38 50 1
38 46 1
38 40 1
38 44 1
39 49 1
39 47 1
39 40 1
39 44 1
39 48 1
39 45 1
40 47 1
40 43 1
40 50 1
41 46 1
41 43 1
41 50 1
41 44 1
42 48 1
42 43 1
42 44 1
43 47 1
43 44 1
43 50 1
43 45 1
44 50 1
44 45 1
45 46 1
46 47 1
46 48 1
46 49 1
47 49 1
47 50 1
48 50 1
