25
100
1211
1 3 1
1 7 1
1 8 1
1 12 1
1 16 1
1 18 1
1 21 1
1 34 1
1 35 1
1 50 1
1 51 1
1 53 1
1 55 1
1 68 1
1 77 1
1 96 1
1 99 1
2 3 1
2 5 1
2 14 1
2 17 1
2 19 1
2 27 1
2 30 1
2 32 1
2 37 1
2 39 1
2 40 1
2 44 1
2 48 1
2 53 1
2 54 1
2 57 1
2 59 1
2 62 1
2 65 1
2 67 1
2 69 1
2 70 1
2 72 1
2 73 1
2 81 1
2 85 1
2 88 1
2 90 1
2 91 1
2 92 1
2 97 1
2 100 1
3 6 1
3 7 1
3 8 1
3 15 1
3 21 1
3 22 1
3 26 1
3 27 1
3 30 1
3 31 1
3 34 1
3 35 1
3 38 1
3 40 1
3 41 1
3 43 1
3 46 1
3 52 1
3 67 1
3 70 1
3 77 1
3 81 1
3 83 1
3 85 1
3 88 1
3 90 1
3 91 1
3 96 1
4 9 1
4 14 1
4 16 1
4 18 1
4 40 1
4 41 1
4 43 1
4 44 1
4 49 1
4 63 1
4 64 1
4 66 1
4 68 1
4 73 1
4 75 1
4 82 1
4 83 1
4 85 1
4 90 1
4 95 1
4 98 1
5 7 1
5 17 1
5 23 1
5 35 1
5 36 1
5 37 1
5 39 1
5 45 1
5 48 1
5 52 1
5 53 1
5 58 1
5 60 1
5 67 1
5 72 1
5 73 1
5 77 1
5 79 1
5 80 1
5 83 1
5 89 1
5 92 1
5 96 1
6 11 1
6 16 1
6 18 1
6 21 1
6 22 1
6 29 1
6 31 1
6 32 1
6 35 1
6 37 1
6 38 1
6 46 1
6 51 1
6 54 1
6 61 1
6 66 1
6 68 1
6 69 1
6 75 1
6 80 1
6 82 1
6 98 1
6 99 1
7 14 1
7 15 1
7 17 1
7 18 1
7 24 1
7 36 1
7 39 1
7 40 1
7 51 1
7 54 1
7 61 1
7 62 1
7 63 1
7 65 1
7 71 1
7 75 1
7 76 1
7 78 1
7 83 1
7 100 1
8 21 1
8 30 1
8 31 1
8 36 1
8 38 1
8 41 1
8 45 1
8 47 1
8 49 1
8 50 1
8 61 1
8 62 1
8 64 1
8 67 1
8 70 1
8 79 1
8 81 1
8 85 1
8 87 1
8 94 1
8 98 1
9 11 1
9 17 1
9 18 1
9 21 1
9 28 1
9 32 1
9 38 1
9 41 1
9 44 1
9 56 1
9 57 1
9 59 1
9 62 1
9 67 1
9 69 1
9 71 1
9 73 1
9 80 1
9 81 1
9 86 1
9 90 1
9 95 1
9 98 1
10 14 1
10 15 1
10 16 1
10 18 1
10 19 1
10 21 1
10 22 1
10 29 1
10 36 1
10 43 1
10 47 1
10 52 1
10 66 1
10 72 1
10 78 1
10 85 1
10 88 1
10 100 1
11 21 1
11 27 1
11 28 1
11 31 1
11 32 1
11 33 1
11 34 1
11 35 1
11 54 1
11 57 1
11 60 1
11 61 1
11 62 1
11 64 1
11 68 1
11 78 1
11 80 1
11 83 1
11 84 1
11 85 1
11 86 1
11 90 1
11 91 1
11 92 1
11 93 1
11 94 1
11 96 1
11 100 1
12 16 1
12 20 1
12 22 1
12 23 1
12 27 1
12 32 1
12 35 1
12 36 1
12 38 1
12 42 1
12 44 1
12 48 1
12 51 1
12 52 1
12 55 1
12 56 1
12 60 1
12 64 1
12 65 1
12 72 1
12 79 1
12 83 1
12 90 1
12 94 1
12 95 1
12 97 1
13 16 1
13 18 1
13 20 1
13 27 1
13 28 1
13 30 1
13 33 1
13 35 1
13 36 1
13 43 1
13 44 1
13 46 1
13 51 1
13 55 1
13 59 1
13 62 1
13 68 1
13 70 1
13 85 1
13 88 1
13 89 1
13 92 1
13 95 1
13 97 1
14 23 1
14 26 1
14 27 1
14 29 1
14 31 1
14 32 1
14 36 1
14 41 1
14 43 1
14 45 1
14 47 1
14 48 1
14 51 1
14 54 1
14 58 1
14 60 1
14 66 1
14 68 1
14 71 1
14 80 1
14 95 1
14 98 1
14 99 1
15 17 1
15 24 1
15 28 1
15 31 1
15 32 1
15 34 1
15 35 1
15 37 1
15 40 1
15 49 1
15 50 1
15 54 1
15 55 1
15 57 1
15 61 1
15 62 1
15 65 1
15 69 1
15 71 1
15 72 1
15 74 1
15 77 1
15 79 1
15 86 1
15 96 1
15 99 1
16 21 1
16 22 1
16 24 1
16 39 1
16 41 1
16 42 1
16 47 1
16 56 1
16 57 1
16 59 1
16 64 1
16 69 1
16 70 1
16 75 1
16 77 1
16 78 1
16 79 1
16 82 1
16 88 1
16 92 1
16 99 1
17 18 1
17 20 1
17 29 1
17 30 1
17 32 1
17 33 1
17 35 1
17 37 1
17 40 1
17 41 1
17 48 1
17 50 1
17 54 1
17 64 1
17 68 1
17 69 1
17 81 1
17 82 1
17 85 1
17 88 1
17 98 1
17 99 1
18 20 1
18 21 1
18 22 1
18 23 1
18 24 1
18 25 1
18 52 1
18 53 1
18 59 1
18 62 1
18 63 1
18 64 1
18 65 1
18 68 1
18 69 1
18 70 1
18 72 1
18 78 1
18 85 1
18 92 1
18 93 1
18 94 1
18 95 1
18 100 1
19 22 1
19 23 1
19 35 1
19 47 1
19 48 1
19 53 1
19 60 1
19 64 1
19 75 1
19 79 1
19 92 1
19 93 1
19 100 1
20 21 1
20 23 1
20 30 1
20 31 1
20 32 1
20 35 1
20 41 1
20 43 1
20 44 1
20 50 1
20 54 1
20 56 1
20 59 1
20 61 1
20 64 1
20 73 1
20 74 1
20 84 1
20 87 1
20 92 1
20 94 1
20 96 1
21 25 1
21 39 1
21 43 1
21 46 1
21 47 1
21 49 1
21 51 1
21 58 1
21 60 1
21 67 1
21 72 1
21 73 1
21 80 1
21 86 1
21 90 1
21 91 1
21 96 1
21 99 1
21 100 1
22 35 1
22 37 1
22 39 1
22 41 1
22 47 1
22 48 1
22 49 1
22 52 1
22 56 1
22 57 1
22 63 1
22 66 1
22 69 1
22 73 1
22 76 1
22 77 1
22 82 1
22 86 1
22 99 1
23 24 1
23 31 1
23 34 1
23 41 1
23 42 1
23 46 1
23 47 1
23 52 1
23 53 1
23 57 1
23 68 1
23 69 1
23 74 1
23 75 1
23 81 1
23 83 1
23 84 1
23 86 1
23 91 1
23 95 1
23 100 1
24 30 1
24 44 1
24 51 1
24 61 1
24 63 1
24 71 1
24 75 1
24 78 1
24 79 1
24 82 1
24 83 1
24 84 1
24 86 1
24 99 1
25 26 1
25 37 1
25 39 1
25 43 1
25 44 1
25 45 1
25 46 1
25 50 1
25 51 1
25 57 1
25 58 1
25 59 1
25 60 1
25 61 1
25 69 1
25 71 1
25 82 1
25 87 1
25 90 1
25 98 1
26 31 1
26 40 1
26 41 1
26 42 1
26 43 1
26 44 1
26 49 1
26 50 1
26 58 1
26 61 1
26 63 1
26 65 1
26 67 1
26 73 1
26 75 1
26 79 1
26 82 1
26 84 1
26 89 1
26 98 1
27 31 1
27 33 1
27 36 1
27 41 1
27 44 1
27 46 1
27 47 1
27 50 1
27 51 1
27 57 1
27 64 1
27 68 1
27 70 1
27 73 1
27 79 1
27 81 1
27 83 1
27 84 1
27 85 1
27 88 1
28 38 1
28 40 1
28 42 1
28 48 1
28 67 1
28 70 1
28 71 1
28 82 1
28 93 1
28 94 1
28 96 1
28 98 1
29 30 1
29 32 1
29 34 1
29 35 1
29 42 1
29 44 1
29 45 1
29 50 1
29 51 1
29 58 1
29 68 1
29 69 1
29 73 1
29 74 1
29 75 1
29 77 1
29 83 1
29 88 1
29 89 1
29 95 1
30 31 1
30 33 1
30 37 1
30 38 1
30 40 1
30 49 1
30 58 1
30 61 1
30 64 1
30 69 1
30 76 1
30 80 1
30 90 1
30 100 1
31 46 1
31 47 1
31 48 1
31 51 1
31 52 1
31 53 1
31 57 1
31 65 1
31 67 1
31 71 1
31 72 1
31 73 1
31 83 1
31 94 1
32 33 1
32 39 1
32 46 1
32 47 1
32 48 1
32 58 1
32 62 1
32 65 1
32 71 1
32 74 1
32 76 1
32 78 1
32 80 1
32 87 1
32 89 1
32 90 1
32 92 1
32 94 1
32 95 1
33 36 1
33 38 1
33 42 1
33 43 1
33 49 1
33 50 1
33 55 1
33 57 1
33 59 1
33 71 1
33 72 1
33 75 1
33 79 1
33 81 1
33 85 1
33 87 1
33 90 1
33 91 1
33 97 1
33 100 1
34 39 1
34 44 1
34 53 1
34 57 1
34 59 1
34 63 1
34 64 1
34 66 1
34 75 1
34 83 1
34 93 1
35 39 1
35 45 1
35 48 1
35 50 1
35 51 1
35 55 1
35 56 1
35 60 1
35 63 1
35 64 1
35 66 1
35 74 1
35 75 1
35 76 1
35 77 1
35 82 1
35 88 1
35 89 1
35 91 1
35 92 1
35 93 1
35 96 1
36 37 1
36 39 1
36 41 1
36 50 1
36 57 1
36 64 1
36 65 1
36 78 1
36 80 1
36 82 1
36 86 1
36 87 1
36 93 1
36 94 1
37 42 1
37 43 1
37 44 1
37 47 1
37 48 1
37 51 1
37 56 1
37 62 1
37 63 1
37 64 1
37 65 1
37 67 1
37 71 1
37 77 1
37 79 1
37 80 1
37 82 1
37 84 1
37 85 1
37 89 1
37 90 1
37 92 1
37 95 1
37 97 1
37 100 1
38 39 1
38 41 1
38 42 1
38 45 1
38 49 1
38 54 1
38 58 1
38 63 1
38 65 1
38 69 1
38 72 1
38 75 1
38 76 1
38 77 1
38 80 1
38 88 1
38 90 1
38 95 1
38 97 1
38 100 1
39 48 1
39 54 1
39 59 1
39 62 1
39 63 1
39 65 1
39 71 1
39 79 1
39 100 1
40 46 1
40 47 1
40 52 1
40 54 1
40 59 1
40 60 1
40 64 1
40 68 1
40 75 1
40 79 1
40 86 1
40 89 1
40 96 1
40 100 1
41 43 1
41 52 1
41 59 1
41 60 1
41 64 1
41 65 1
41 70 1
41 71 1
41 83 1
41 87 1
41 89 1
41 91 1
41 97 1
42 44 1
42 50 1
42 53 1
42 54 1
42 59 1
42 61 1
42 63 1
42 68 1
42 80 1
42 81 1
42 86 1
42 89 1
42 92 1
43 51 1
43 53 1
43 55 1
43 57 1
43 66 1
43 68 1
43 71 1
43 72 1
43 75 1
43 77 1
43 80 1
43 89 1
43 92 1
43 99 1
43 100 1
44 53 1
44 60 1
44 63 1
44 66 1
44 72 1
44 78 1
44 87 1
44 88 1
44 92 1
44 93 1
44 97 1
45 46 1
45 47 1
45 50 1
45 51 1
45 56 1
45 58 1
45 61 1
45 62 1
45 65 1
45 70 1
45 77 1
45 79 1
45 85 1
45 88 1
45 90 1
46 49 1
46 55 1
46 62 1
46 71 1
46 72 1
46 74 1
46 75 1
46 78 1
46 80 1
46 86 1
46 89 1
46 90 1
46 94 1
46 95 1
46 98 1
47 51 1
47 53 1
47 70 1
47 71 1
47 75 1
47 77 1
47 80 1
47 85 1
47 91 1
47 92 1
48 56 1
48 70 1
48 80 1
48 85 1
48 87 1
48 88 1
48 90 1
48 98 1
49 57 1
49 58 1
49 60 1
49 65 1
49 66 1
49 69 1
49 74 1
49 79 1
49 89 1
49 92 1
49 96 1
49 98 1
50 53 1
50 59 1
50 74 1
50 77 1
50 78 1
50 80 1
50 83 1
50 90 1
50 99 1
51 55 1
51 66 1
51 70 1
51 71 1
51 75 1
51 78 1
51 82 1
51 83 1
51 89 1
51 90 1
51 95 1
51 97 1
52 53 1
52 54 1
52 56 1
52 60 1
52 77 1
52 80 1
52 89 1
52 91 1
52 93 1
52 96 1
52 97 1
53 59 1
53 64 1
53 67 1
53 73 1
53 74 1
53 76 1
53 78 1
53 80 1
53 84 1
53 89 1
53 93 1
54 59 1
54 62 1
54 64 1
54 65 1
54 71 1
54 75 1
54 76 1
54 77 1
54 79 1
54 85 1
54 93 1
54 96 1
54 97 1
54 99 1
55 58 1
55 60 1
55 61 1
55 67 1
55 70 1
55 77 1
55 79 1
55 92 1
55 97 1
55 100 1
56 60 1
56 65 1
56 67 1
56 70 1
56 74 1
56 75 1
56 85 1
56 89 1
56 91 1
56 95 1
56 100 1
57 65 1
57 66 1
57 67 1
57 69 1
57 85 1
57 89 1
57 100 1
58 59 1
58 67 1
58 78 1
58 79 1
58 83 1
58 86 1
58 87 1
58 89 1
58 96 1
58 98 1
58 100 1
59 60 1
59 61 1
59 66 1
59 74 1
59 82 1
59 84 1
59 85 1
59 88 1
59 89 1
59 96 1
60 64 1
60 71 1
60 74 1
60 77 1
60 78 1
60 81 1
60 82 1
60 84 1
60 86 1
60 89 1
60 90 1
60 100 1
61 63 1
61 69 1
61 75 1
61 78 1
61 79 1
61 89 1
61 91 1
61 92 1
61 95 1
61 99 1
62 63 1
62 72 1
62 73 1
62 75 1
62 77 1
62 82 1
62 83 1
62 85 1
62 89 1
62 99 1
63 68 1
63 82 1
63 86 1
63 89 1
63 90 1
63 94 1
64 72 1
64 76 1
64 80 1
64 97 1
64 98 1
65 67 1
65 69 1
65 73 1
65 77 1
65 78 1
65 86 1
65 90 1
65 97 1
65 98 1
66 71 1
66 82 1
66 84 1
66 86 1
66 89 1
67 70 1
67 71 1
67 77 1
67 82 1
67 86 1
67 87 1
67 98 1
67 100 1
68 73 1
68 74 1
68 87 1
68 90 1
68 91 1
68 95 1
68 98 1
69 72 1
69 77 1
69 81 1
69 84 1
69 88 1
69 91 1
69 99 1
70 73 1
70 76 1
70 80 1
70 84 1
70 85 1
70 87 1
70 88 1
70 91 1
70 92 1
70 94 1
70 95 1
70 97 1
70 98 1
70 99 1
71 74 1
71 82 1
71 92 1
71 93 1
71 97 1
71 98 1
71 100 1
72 73 1
72 75 1
72 80 1
72 92 1
72 93 1
72 95 1
73 75 1
73 76 1
73 80 1
73 82 1
73 93 1
73 95 1
73 99 1
73 100 1
74 77 1
74 80 1
74 81 1
74 88 1
74 96 1
75 77 1
75 78 1
75 82 1
75 88 1
75 94 1
75 97 1
75 100 1
76 77 1
76 86 1
76 87 1
76 91 1
76 97 1
77 80 1
77 86 1
77 93 1
77 95 1
77 97 1
78 80 1
78 89 1
78 92 1
78 95 1
78 96 1
78 99 1
78 100 1
79 86 1
79 94 1
79 95 1
79 100 1
80 84 1
80 85 1
80 89 1
80 95 1
80 98 1
81 84 1
81 91 1
81 95 1
83 85 1
83 90 1
83 91 1
83 94 1
83 99 1
84 85 1
84 95 1
84 100 1
85 86 1
85 87 1
85 90 1
85 92 1
85 93 1
85 99 1
87 89 1
87 99 1
88 91 1
88 95 1
88 97 1
89 90 1
89 91 1
89 92 1
89 93 1
89 96 1
89 98 1
89 99 1
89 100 1
90 94 1
90 95 1
90 99 1
92 93 1
92 94 1
92 96 1
94 96 1
94 98 1
94 99 1
